continuity
rows: 8961
start_cn: 2026-04-14 13:00:39.022000+08:00
end_cn: 2026-04-14 15:29:59.022000+08:00
duration_hours: 2.488888888888889
mean_interval_s: 1.0
p95_interval_s: 1.001
max_interval_s: 1.002
gaps_gt_1_5s: 0

mid_spread_bps
count: 8961
mean: 19.46103049762624
std: 2.39184848652234
min: -5.71194551019499
p01: 13.980880412154747
p05: 15.747176368374896
p25: 17.932438326951882
p50: 19.37553255578079
p75: 20.941723111155536
p95: 23.56833194590133
p99: 25.405405405405343
max: 30.03166976083933

mid_spread_usd
count: 8961
mean: 0.17983947104117814
std: 0.022147879184114164
min: -0.0529999999999972
p01: 0.12879999999999536
p05: 0.1450000000000102
p25: 0.1655000000000086
p50: 0.1794999999999902
p75: 0.1939999999999884
p95: 0.2179999999999893
p99: 0.2340000000000003
max: 0.2754999999999938

trend
start_mid_spread_bps: 14.01625450910412
end_mid_spread_bps: 23.404739459739943
slope_bps_per_sec: 0.00042862685948415256
slope_bps_per_min: 0.025717611569049153

threshold_counts
mid_spread_bps_ge_10: 8953
mid_spread_bps_ge_20: 3522
mid_spread_bps_ge_30: 2
mid_spread_bps_ge_40: 0
mid_spread_bps_ge_50: 0
mid_spread_bps_ge_60: 0
mid_spread_bps_ge_80: 0
mid_spread_bps_ge_100: 0

by_30m
             time_bin_30m  count      mean      std       min    median       max
2026-04-14 13:00:00+08:00   1761 17.248985 1.500155 10.373726 17.377138 22.295879
2026-04-14 13:30:00+08:00   1800 19.497550 2.212827 12.624826 19.349050 26.166971
2026-04-14 14:00:00+08:00   1800 19.688301 1.570317 12.989122 19.653269 25.884756
2026-04-14 14:30:00+08:00   1800 20.173328 1.725466 11.076222 20.247834 24.300680
2026-04-14 15:00:00+08:00   1800 20.649061 3.031391 -5.711946 20.558732 30.031670