continuity
rows: 1270
start_utc: 2026-04-14 00:13:37.721000+00:00
end_utc: 2026-04-14 00:34:46.721000+00:00
start_cn: 2026-04-14 08:13:37.721000+08:00
end_cn: 2026-04-14 08:34:46.721000+08:00
duration_minutes: 21.15
mean_interval_s: 1.0
p95_interval_s: 1.001
max_interval_s: 1.001
gaps_gt_1_5s: 0

mid_spread_bps
count: 1270
mean: 29.668905157595987
std: 3.739245023293662
min: 11.268900024068884
p01: 20.26620189090819
p05: 21.941105183829915
p25: 27.20126268206453
p50: 29.993276079494194
p75: 32.71180925470125
p95: 34.69456779078342
p99: 35.7453969755813
max: 38.85232841131179

buy_edge_bps
count: 1270
mean: -30.96595103106521
std: 3.7634888914813267
min: -39.35210348950916
p01: -37.37505432420777
p05: -36.18778526407286
p25: -33.81537457866618
p50: -31.270383430908186
p75: -28.545072005158183
p95: -23.436101429424085
p99: -21.56158437330557
max: -11.911266528249248

sell_edge_bps
count: 1270
mean: 28.27454320246316
std: 3.7786512279294304
min: 8.533730115315086
p01: 18.446508369145054
p05: 20.59696431177131
p25: 25.892220968149864
p50: 28.56548754242577
p75: 31.416353957587564
p95: 33.222610441499015
p99: 34.08467487747566
max: 38.19709702062737

threshold_counts
mid_spread_bps_ge_20: 1261
mid_spread_bps_ge_30: 632
mid_spread_bps_ge_40: 0
mid_spread_bps_ge_50: 0
mid_spread_bps_ge_60: 0
mid_spread_bps_ge_80: 0
mid_spread_bps_ge_100: 0
mid_spread_bps_ge_120: 0
buy_edge_bps_gt_0: 0
sell_edge_bps_gt_0: 1270
