continuity
rows: 15792
start_utc: 2026-04-13 19:06:48.694000+00:00
end_utc: 2026-04-13 23:29:59.693000+00:00
start_cn: 2026-04-14 03:06:48.694000+08:00
end_cn: 2026-04-14 07:29:59.693000+08:00
duration_hours: 4.386388611111111
mean_interval_s: 0.9999999366727883
p95_interval_s: 1.001
max_interval_s: 1.003
gaps_gt_1_5s: 0
gaps_gt_2s: 0

mid_spread_bps
count: 15792
mean: 47.60539005065655
std: 38.47470743034732
min: -4.17541004667758
p01: 0.9104882895151558
p05: 8.039446886056067
p25: 24.802972061761416
p50: 38.869504911106205
p75: 51.46037658660616
p95: 146.93575907752208
p99: 185.1495801755351
max: 230.09916178162587

buy_edge_bps
count: 15792
mean: -48.78551944885582
std: 37.841550772942576
min: -226.62525436435683
p01: -183.72603620006456
p05: -146.94227267859054
p25: -52.5864838813323
p50: -39.84149084288313
p75: -26.560993895255937
p95: -9.63907036521403
p99: -2.2491164185499404
max: 2.6775195458917715

sell_edge_bps
count: 15792
mean: 46.04004698265492
std: 38.44820514777868
min: -6.20865357854021
p01: -0.4284306584984457
p05: 6.430868167202816
p25: 23.0822910515866
p50: 37.63036232663093
p75: 49.97537584103571
p95: 145.16849509142102
p99: 183.28606161147007
max: 228.31850650773515

threshold_counts
mid_spread_bps_ge_20: 13323
mid_spread_bps_ge_30: 10170
mid_spread_bps_ge_40: 7661
mid_spread_bps_ge_50: 4447
mid_spread_bps_ge_60: 2891
mid_spread_bps_ge_80: 1711
mid_spread_bps_ge_100: 1576
mid_spread_bps_ge_120: 1321
buy_edge_bps_gt_0: 41
sell_edge_bps_gt_0: 15604

regime_equal_thirds
{'segment': 1, 'start_cn': '2026-04-14 03:06:48.694000+08:00', 'end_cn': '2026-04-14 04:34:31.693000+08:00', 'mid_mean': 23.826841174330735, 'mid_std': 12.203800290498716, 'mid_p95': 44.485565052743986, 'buy_pos_ratio': 0.0077887537993920975, 'sell_pos_ratio': 0.9642857142857143}
{'segment': 2, 'start_cn': '2026-04-14 04:34:32.693000+08:00', 'end_cn': '2026-04-14 06:02:15.693000+08:00', 'mid_mean': 35.80792823323835, 'mid_std': 13.111751971031419, 'mid_p95': 53.13793790344848, 'buy_pos_ratio': 0.0, 'sell_pos_ratio': 1.0}
{'segment': 3, 'start_cn': '2026-04-14 06:02:16.694000+08:00', 'end_cn': '2026-04-14 07:29:59.693000+08:00', 'mid_mean': 83.18140074440056, 'mid_std': 46.36803530812791, 'mid_p95': 175.6890782862695, 'buy_pos_ratio': 0.0, 'sell_pos_ratio': 1.0}
